{
    "3-PML-CSS": [
        [
            0.9151889681816101,
            5.241473627393134e-05,
            1.7541577999186098e-13,
            5.940567997372512e-14
        ],
        [
            0.0016715649981051683,
            0.0829075276851654,
            4.721313875337245e-14,
            1.632227474923989e-13
        ],
        [
            3.2959273088550844e-09,
            1.0138845318863332e-10,
            8.802021329756826e-05,
            1.4658747886642232e-06
        ],
        [
            2.891092365508996e-10,
            3.4836959983408633e-09,
            1.785492145245371e-06,
            8.834005711833015e-05
        ]
    ],
    "3-PML-XZZX": [
        [
            0.9147267937660217,
            2.7656547899823636e-05,
            2.4996277716127224e-05,
            1.2275126692884442e-08
        ],
        [
            1.1953700322919758e-06,
            0.03688487410545349,
            3.350338007024334e-09,
            8.466829513054108e-07
        ],
        [
            0.0002797130437102169,
            5.623579681923729e-07,
            0.04609389975667,
            1.1936832606807002e-06
        ],
        [
            4.808435605241357e-08,
            1.4073261809244286e-05,
            3.5978791856905445e-06,
            0.0019411698449403048
        ]
    ],
    "3-PML-XY": [
        [
            0.9168605208396912,
            3.7698231608374044e-05,
            3.769847535295412e-05,
            6.950984676734606e-09
        ],
        [
            2.5592194674572966e-07,
            4.9057522119255736e-05,
            2.2920550790672678e-08,
            3.7483036976482254e-06
        ],
        [
            2.559217193720542e-07,
            2.2920550790672678e-08,
            4.905754394712858e-05,
            3.7483021060324972e-06
        ],
        [
            9.398665179460863e-10,
            3.0271621653810143e-06,
            3.0271698960859794e-06,
            0.08295255154371262
        ]
    ],
    "3-PML-C1": [
        [
            0.9146537184715271,
            5.979031243441568e-07,
            5.969867515887017e-07,
            7.741883564449381e-06
        ],
        [
            1.1419236898291274e-06,
            0.019428180530667305,
            5.835882348037558e-06,
            4.4647381969298294e-07
        ],
        [
            1.147731836681487e-06,
            5.845452960784314e-06,
            0.019428201019763947,
            4.5044737362331944e-07
        ],
        [
            2.1496822455446818e-07,
            5.843356802870403e-07,
            5.852525077898463e-07,
            0.046466175466775894
        ]
    ],
    "3-MWPM-CSS": [
        [
            0.9186000227928162,
            0.0,
            0.0,
            0.0
        ],
        [
            0.0010999999940395355,
            0.08030000329017639,
            0.0,
            0.0
        ],
        [
            0.0,
            0.0,
            0.0,
            0.0
        ],
        [
            0.0,
            0.0,
            0.0,
            0.0
        ]
    ],
    "3-MWPM-XZZX": [
        [
            0.9161999821662903,
            0.0,
            0.0,
            0.0
        ],
        [
            0.00019999999494757503,
            0.036400001496076584,
            0.0,
            0.0
        ],
        [
            0.0013000000035390258,
            0.0,
            0.043800000101327896,
            0.0
        ],
        [
            0.0,
            9.999999747378752e-05,
            0.0,
            0.0020000000949949026
        ]
    ],
    "3-MWPM-XY": [
        [
            0.9154999852180481,
            0.0,
            0.0,
            0.0
        ],
        [
            0.0010999999940395355,
            0.0,
            0.0,
            0.00019999999494757503
        ],
        [
            0.003100000089034438,
            0.0,
            0.0,
            0.0
        ],
        [
            0.0,
            0.0,
            0.0,
            0.08009999990463257
        ]
    ],
    "3-MWPM-C1": [
        [
            0.9157000184059143,
            0.0,
            9.999999747378752e-05,
            0.0
        ],
        [
            0.0003000000142492354,
            0.018400000408291817,
            0.0,
            0.0
        ],
        [
            0.0013000000035390258,
            0.0,
            0.019099999219179153,
            0.0
        ],
        [
            0.0,
            0.000699999975040555,
            0.00019999999494757503,
            0.044199999421834946
        ]
    ],
    "3-CNN-CSS": [
        [
            0.9186000227928162,
            0.0,
            0.0,
            0.0
        ],
        [
            0.0010999999940395355,
            0.08030000329017639,
            0.0,
            0.0
        ],
        [
            0.0,
            0.0,
            0.0,
            0.0
        ],
        [
            0.0,
            0.0,
            0.0,
            0.0
        ]
    ],
    "3-CNN-XZZX": [
        [
            0.9164000153541565,
            0.0,
            0.0,
            0.0
        ],
        [
            0.0,
            0.036400001496076584,
            0.0,
            0.0
        ],
        [
            0.0013000000035390258,
            0.0,
            0.043800000101327896,
            0.0
        ],
        [
            0.0,
            9.999999747378752e-05,
            0.0,
            0.0020000000949949026
        ]
    ],
    "3-CNN-XY": [
        [
            0.919700026512146,
            0.0,
            0.0,
            0.0
        ],
        [
            0.0,
            0.0,
            0.0,
            0.0
        ],
        [
            0.0,
            0.0,
            0.0,
            0.0
        ],
        [
            0.0,
            0.0,
            0.0,
            0.08030000329017639
        ]
    ],
    "3-CNN-C1": [
        [
            0.9172999858856201,
            0.0,
            0.0,
            0.0
        ],
        [
            0.0,
            0.019099999219179153,
            0.0,
            0.0
        ],
        [
            0.0,
            0.0,
            0.01940000057220459,
            0.0
        ],
        [
            0.0,
            0.0,
            0.0,
            0.044199999421834946
        ]
    ],
    "3-CNN-S-CSS": [
        [
            0.9186000227928162,
            0.0,
            0.0,
            0.0
        ],
        [
            0.0010999999940395355,
            0.08030000329017639,
            0.0,
            0.0
        ],
        [
            0.0,
            0.0,
            0.0,
            0.0
        ],
        [
            0.0,
            0.0,
            0.0,
            0.0
        ]
    ],
    "3-CNN-S-XZZX": [
        [
            0.9164000153541565,
            0.0,
            0.0,
            0.0
        ],
        [
            0.0,
            0.036400001496076584,
            0.0,
            0.0
        ],
        [
            0.0013000000035390258,
            0.0,
            0.043800000101327896,
            0.0
        ],
        [
            0.0,
            9.999999747378752e-05,
            0.0,
            0.0020000000949949026
        ]
    ],
    "3-CNN-S-XY": [
        [
            0.919700026512146,
            0.0,
            0.0,
            0.0
        ],
        [
            0.0,
            0.0,
            0.0,
            0.0
        ],
        [
            0.0,
            0.0,
            0.0,
            0.0
        ],
        [
            0.0,
            0.0,
            0.0,
            0.08030000329017639
        ]
    ],
    "3-CNN-S-C1": [
        [
            0.9172999858856201,
            0.0,
            0.0,
            0.0
        ],
        [
            0.0,
            0.019099999219179153,
            0.0,
            0.0
        ],
        [
            0.0,
            0.0,
            0.01940000057220459,
            0.0
        ],
        [
            0.0,
            0.0,
            0.0,
            0.044199999421834946
        ]
    ],
    "3-CNN-G-CSS": [
        [
            0.9186000227928162,
            0.0,
            0.0,
            0.0
        ],
        [
            0.0010999999940395355,
            0.08030000329017639,
            0.0,
            0.0
        ],
        [
            0.0,
            0.0,
            0.0,
            0.0
        ],
        [
            0.0,
            0.0,
            0.0,
            0.0
        ]
    ],
    "3-CNN-G-XZZX": [
        [
            0.9164000153541565,
            0.0,
            0.0,
            0.0
        ],
        [
            0.0,
            0.036400001496076584,
            0.0,
            0.0
        ],
        [
            0.0013000000035390258,
            0.0,
            0.043800000101327896,
            0.0
        ],
        [
            0.0,
            9.999999747378752e-05,
            0.0,
            0.0020000000949949026
        ]
    ],
    "3-CNN-G-XY": [
        [
            0.9192000031471252,
            0.0,
            0.0,
            9.999999747378752e-05
        ],
        [
            9.999999747378752e-05,
            0.0,
            0.0,
            9.999999747378752e-05
        ],
        [
            0.00039999998989515007,
            0.0,
            0.0,
            0.0
        ],
        [
            0.0,
            0.0,
            0.0,
            0.08009999990463257
        ]
    ],
    "3-CNN-G-C1": [
        [
            0.9172999858856201,
            0.0,
            9.999999747378752e-05,
            0.0
        ],
        [
            0.0,
            0.01899999938905239,
            0.0,
            0.0
        ],
        [
            0.0,
            0.0,
            0.019300000742077827,
            0.0
        ],
        [
            0.0,
            9.999999747378752e-05,
            0.0,
            0.044199999421834946
        ]
    ],
    "5-MWPM-CSS": [
        [
            0.8083000183105469,
            0.00019999999494757503,
            0.0,
            0.0
        ],
        [
            0.0,
            0.19130000472068787,
            0.0,
            0.0
        ],
        [
            0.0,
            0.0,
            0.0,
            0.0
        ],
        [
            0.0,
            0.0,
            0.0,
            0.00019999999494757503
        ]
    ],
    "5-MWPM-XZZX": [
        [
            0.7960000038146973,
            0.0,
            0.0,
            0.0
        ],
        [
            0.0,
            0.09139999747276306,
            0.0,
            0.0
        ],
        [
            0.0,
            0.0,
            0.10010000318288803,
            0.0
        ],
        [
            0.0,
            0.0,
            0.0,
            0.012500000186264515
        ]
    ],
    "5-MWPM-XY": [
        [
            0.8083000183105469,
            0.0,
            0.0,
            0.0
        ],
        [
            0.0,
            0.00019999999494757503,
            0.0,
            0.00039999998989515007
        ],
        [
            0.0,
            0.0,
            0.0,
            0.00019999999494757503
        ],
        [
            0.0,
            0.0,
            0.0,
            0.19089999794960022
        ]
    ],
    "5-MWPM-C1": [
        [
            0.7940000295639038,
            9.999999747378752e-05,
            0.00019999999494757503,
            0.0
        ],
        [
            0.0,
            0.05270000174641609,
            0.0,
            0.0
        ],
        [
            0.0,
            0.0,
            0.05090000107884407,
            9.999999747378752e-05
        ],
        [
            0.0,
            0.0,
            0.0,
            0.10199999809265137
        ]
    ],
    "5-CNN-CSS": [
        [
            0.8083000183105469,
            0.00019999999494757503,
            0.0,
            0.0
        ],
        [
            0.0,
            0.19130000472068787,
            0.0,
            0.0
        ],
        [
            0.0,
            0.0,
            0.0,
            0.0
        ],
        [
            0.0,
            0.0,
            0.0,
            0.00019999999494757503
        ]
    ],
    "5-CNN-XZZX": [
        [
            0.7960000038146973,
            0.0,
            0.0,
            0.0
        ],
        [
            0.0,
            0.09139999747276306,
            0.0,
            0.0
        ],
        [
            0.0,
            0.0,
            0.10010000318288803,
            0.0
        ],
        [
            0.0,
            0.0,
            0.0,
            0.012500000186264515
        ]
    ],
    "5-CNN-XY": [
        [
            0.8083000183105469,
            9.999999747378752e-05,
            0.0,
            0.0
        ],
        [
            0.0,
            9.999999747378752e-05,
            0.0,
            0.0
        ],
        [
            0.0,
            0.0,
            0.0,
            0.0
        ],
        [
            0.0,
            0.0,
            0.0,
            0.1914999932050705
        ]
    ],
    "5-CNN-C1": [
        [
            0.7940000295639038,
            0.0,
            0.0,
            0.0
        ],
        [
            0.0,
            0.052799999713897705,
            0.0,
            0.0
        ],
        [
            0.0,
            0.0,
            0.051100000739097595,
            0.0
        ],
        [
            0.0,
            0.0,
            0.0,
            0.10209999978542328
        ]
    ],
    "5-CNN-S-CSS": [
        [
            0.8083000183105469,
            0.00019999999494757503,
            0.0,
            0.0
        ],
        [
            0.0,
            0.19130000472068787,
            0.0,
            0.0
        ],
        [
            0.0,
            0.0,
            0.0,
            0.0
        ],
        [
            0.0,
            0.0,
            0.0,
            0.00019999999494757503
        ]
    ],
    "5-CNN-S-XZZX": [
        [
            0.7960000038146973,
            0.0,
            0.0,
            0.0
        ],
        [
            0.0,
            0.09139999747276306,
            0.0,
            0.0
        ],
        [
            0.0,
            0.0,
            0.10010000318288803,
            0.0
        ],
        [
            0.0,
            0.0,
            0.0,
            0.012500000186264515
        ]
    ],
    "5-CNN-S-XY": [
        [
            0.8083000183105469,
            0.0,
            0.0,
            0.0
        ],
        [
            0.0,
            0.00019999999494757503,
            0.0,
            0.0
        ],
        [
            0.0,
            0.0,
            0.0,
            0.0
        ],
        [
            0.0,
            0.0,
            0.0,
            0.1914999932050705
        ]
    ],
    "5-CNN-S-C1": [
        [
            0.7940000295639038,
            0.0,
            0.0,
            0.0
        ],
        [
            0.0,
            0.052799999713897705,
            0.0,
            0.0
        ],
        [
            0.0,
            0.0,
            0.051100000739097595,
            0.0
        ],
        [
            0.0,
            0.0,
            0.0,
            0.10209999978542328
        ]
    ],
    "5-CNN-G-CSS": [
        [
            0.8083000183105469,
            0.00019999999494757503,
            0.0,
            0.0
        ],
        [
            0.0,
            0.19130000472068787,
            0.0,
            0.0
        ],
        [
            0.0,
            0.0,
            0.0,
            0.0
        ],
        [
            0.0,
            0.0,
            0.0,
            0.00019999999494757503
        ]
    ],
    "5-CNN-G-XZZX": [
        [
            0.7960000038146973,
            0.0,
            0.0,
            0.0
        ],
        [
            0.0,
            0.09139999747276306,
            0.0,
            0.0
        ],
        [
            0.0,
            0.0,
            0.10010000318288803,
            0.0
        ],
        [
            0.0,
            0.0,
            0.0,
            0.012500000186264515
        ]
    ],
    "5-CNN-G-XY": [
        [
            0.8083000183105469,
            0.0,
            0.0,
            0.0
        ],
        [
            0.0,
            0.00019999999494757503,
            0.0,
            9.999999747378752e-05
        ],
        [
            0.0,
            0.0,
            0.0,
            9.999999747378752e-05
        ],
        [
            0.0,
            0.0,
            0.0,
            0.19130000472068787
        ]
    ],
    "5-CNN-G-C1": [
        [
            0.7939000129699707,
            0.0,
            0.0,
            0.0
        ],
        [
            0.0,
            0.052799999713897705,
            0.0,
            0.0
        ],
        [
            9.999999747378752e-05,
            0.0,
            0.051100000739097595,
            0.0
        ],
        [
            0.0,
            0.0,
            0.0,
            0.10209999978542328
        ]
    ],
    "7-MWPM-CSS": [
        [
            0.6909000277519226,
            0.0,
            0.0,
            0.0
        ],
        [
            0.0,
            0.3082999885082245,
            0.0,
            0.0
        ],
        [
            0.0,
            0.0,
            0.0005000000237487257,
            0.0
        ],
        [
            0.0,
            0.0,
            0.0,
            0.0003000000142492354
        ]
    ],
    "7-MWPM-XZZX": [
        [
            0.6513000130653381,
            0.0,
            0.0,
            0.0
        ],
        [
            0.0,
            0.14659999310970306,
            0.0,
            0.0
        ],
        [
            0.0,
            0.0,
            0.16220000386238098,
            0.0
        ],
        [
            0.0,
            0.0,
            0.0,
            0.039900001138448715
        ]
    ],
    "7-MWPM-XY": [
        [
            0.6909000277519226,
            0.0,
            0.0,
            0.0
        ],
        [
            0.0,
            0.0003000000142492354,
            0.0,
            0.0
        ],
        [
            0.0,
            0.0,
            0.0005000000237487257,
            0.0
        ],
        [
            0.0,
            0.0,
            0.0,
            0.3082999885082245
        ]
    ],
    "7-MWPM-C1": [
        [
            0.6439999938011169,
            0.0,
            0.0,
            0.0
        ],
        [
            0.0,
            0.09520000219345093,
            0.0,
            0.0
        ],
        [
            0.0,
            0.0,
            0.09120000153779984,
            0.0
        ],
        [
            0.0,
            0.0,
            0.0,
            0.1695999950170517
        ]
    ],
    "7-CNN-CSS": [
        [
            0.6909000277519226,
            0.0,
            0.0,
            0.0
        ],
        [
            0.0,
            0.3082999885082245,
            0.0,
            0.0
        ],
        [
            0.0,
            0.0,
            0.0005000000237487257,
            0.0
        ],
        [
            0.0,
            0.0,
            0.0,
            0.0003000000142492354
        ]
    ],
    "7-CNN-XZZX": [
        [
            0.651199996471405,
            0.0,
            0.0,
            0.0
        ],
        [
            9.999999747378752e-05,
            0.14659999310970306,
            0.0,
            0.0
        ],
        [
            0.0,
            0.0,
            0.16220000386238098,
            0.0
        ],
        [
            0.0,
            0.0,
            0.0,
            0.039900001138448715
        ]
    ],
    "7-CNN-XY": [
        [
            0.6909000277519226,
            0.0,
            0.0,
            9.999999747378752e-05
        ],
        [
            0.0,
            0.0003000000142492354,
            0.0,
            0.0
        ],
        [
            0.0,
            0.0,
            0.0005000000237487257,
            0.0
        ],
        [
            0.0,
            0.0,
            0.0,
            0.30820000171661377
        ]
    ],
    "7-CNN-C1": [
        [
            0.6439999938011169,
            0.0,
            0.0,
            0.0
        ],
        [
            0.0,
            0.09520000219345093,
            0.0,
            0.0
        ],
        [
            0.0,
            0.0,
            0.09120000153779984,
            0.0
        ],
        [
            0.0,
            0.0,
            0.0,
            0.1695999950170517
        ]
    ],
    "7-CNN-S-CSS": [
        [
            0.6909000277519226,
            0.0,
            0.0,
            0.0
        ],
        [
            0.0,
            0.3082999885082245,
            0.0,
            0.0
        ],
        [
            0.0,
            0.0,
            0.0005000000237487257,
            0.0
        ],
        [
            0.0,
            0.0,
            0.0,
            0.0003000000142492354
        ]
    ],
    "7-CNN-S-XZZX": [
        [
            0.6513000130653381,
            0.0,
            0.0,
            0.0
        ],
        [
            0.0,
            0.14659999310970306,
            0.0,
            0.0
        ],
        [
            0.0,
            0.0,
            0.16220000386238098,
            0.0
        ],
        [
            0.0,
            0.0,
            0.0,
            0.039900001138448715
        ]
    ],
    "7-CNN-S-XY": [
        [
            0.6909000277519226,
            0.0,
            9.999999747378752e-05,
            9.999999747378752e-05
        ],
        [
            0.0,
            0.0003000000142492354,
            0.0,
            0.0
        ],
        [
            0.0,
            0.0,
            0.00039999998989515007,
            0.0
        ],
        [
            0.0,
            0.0,
            0.0,
            0.30820000171661377
        ]
    ],
    "7-CNN-S-C1": [
        [
            0.6439999938011169,
            0.0,
            0.0,
            0.0
        ],
        [
            0.0,
            0.09520000219345093,
            0.0,
            0.0
        ],
        [
            0.0,
            0.0,
            0.09120000153779984,
            0.0
        ],
        [
            0.0,
            0.0,
            0.0,
            0.1695999950170517
        ]
    ],
    "7-CNN-G-CSS": [
        [
            0.6909000277519226,
            9.999999747378752e-05,
            0.0,
            0.0
        ],
        [
            0.0,
            0.30820000171661377,
            0.0,
            0.0
        ],
        [
            0.0,
            0.0,
            0.0005000000237487257,
            0.0
        ],
        [
            0.0,
            0.0,
            0.0,
            0.0003000000142492354
        ]
    ],
    "7-CNN-G-XZZX": [
        [
            0.6513000130653381,
            0.0,
            0.0,
            0.0
        ],
        [
            0.0,
            0.14659999310970306,
            0.0,
            0.0
        ],
        [
            0.0,
            0.0,
            0.16220000386238098,
            0.0
        ],
        [
            0.0,
            0.0,
            0.0,
            0.039900001138448715
        ]
    ],
    "7-CNN-G-XY": [
        [
            0.6901999711990356,
            0.0,
            0.0,
            0.0
        ],
        [
            0.0,
            0.0003000000142492354,
            0.0,
            9.999999747378752e-05
        ],
        [
            0.0,
            0.0,
            0.0005000000237487257,
            0.0
        ],
        [
            0.000699999975040555,
            0.0,
            0.0,
            0.30820000171661377
        ]
    ],
    "7-CNN-G-C1": [
        [
            0.6438999772071838,
            0.0,
            0.0,
            0.0
        ],
        [
            0.0,
            0.0949999988079071,
            0.0,
            0.0
        ],
        [
            0.0,
            0.0,
            0.09109999984502792,
            0.0
        ],
        [
            9.999999747378752e-05,
            0.00019999999494757503,
            9.999999747378752e-05,
            0.1695999950170517
        ]
    ]
}